's$     139586  498     490320  498
less$   2849    53      488431  551
^non    8338    294     480280  845
^counter        1012    38      479384  8
ship$   1441    58      478258  941
^under  1714    77      476645  1018
^out    2281    135     474362  1153
like$   1512    91      472790  1244
^over   4704    303     468035  1547
^semi   1538    124     466477  1671
ful$    1075    113     465448  1784
^fore   891     99      464623  1883
^super  2186    245     462485  2128
^pseudo 809     97      461637  2225
^un     17837   2469    442087  4694
^up     1020    168     441040  4862
ments$  822     137     440144  4999
ment$   2268    478     438473  5477
^anti   2125    472     436264  5949
^mis    2172    497     433981  6446
^micro  1048    257     432952  6703
men$    1407    349     431901  7052
man$    2681    675     429917  7727
^post   789     204     429051  7931
ville$  1985    539     427783  8470
^sub    2923    898     424689  9368
^inter  1986    642     422513  10010
ness$   9668    3255    415863  13265
^hyper  873     294     414891  13559
^pre    4836    1663    409498  15222
ly$     12630   4466    397871  19688
nesses$ 2990    1233    393945  20921
^dis    3420    1540    390573  22461
age$    1251    594     389502  23055
iest$   1187    566     387806  23621
est$    852     422     386862  24043
ton$    1311    658     385840  24701
isms$   1228    662     384031  25363
ling$   2251    1317    382101  26680
ings$   2134    1262    378964  27942
ism$    3763    2232    375167  30174
s$      75600   47052   274450  77226
^re     9723    6067    265852  83293
ised$   943     558     264781  83851
^poly   695     441     264050  84292
ish$    2093    1330    262344  85622
ising$  808     521     261309  86143
ing$    13283   9359    248707  95502
ise$    2358    1686    246553  97188
^mono   530     375     245987  97563
b$      1363    997     245136  98560
^im     1519    1169    243993  99729
^trans  662     540     243406  100269
istic$  550     452     242760  100721
^for    769     638     242169  101359
ier$    1655    1426    239974  102785
able$   3064    2681    237602  105466
^en     2239    1968    235562  107434
ery$    768     692     234608  108126
^in     4640    4292    230728  112418