's$     139586  498     490320  498
less$   2849    53      488431  551
^non    8338    294     480280  845
ship$   1441    58      479154  903
^under  1714    77      477541  980
^out    2281    135     475258  1115
like$   1512    91      473686  1206
^over   4704    303     468931  1509
^semi   1539    123     467373  1632
^super  2188    245     465232  1877
^un     17939   2440    445554  4317
^up     1020    168     444507  4485
^anti   2142    468     442285  4953
ment$   2262    482     440599  5435
^mis    2165    502     438292  5937
^micro  1051    257     437259  6194
man$    2681    672     435267  6866
ville$  1989    537     433997  7403
ness$   10227   2785    427230  10188
^sub    2950    865     424200  11053
ly$     13097   4209    412003  15262
^inter  1979    624     409925  15886
^pre    4850    1597    404741  17483
nesses$ 3166    1062    400799  18545
^hyper  857     290     399905  18835
^dis    3432    1560    396447  20395
iest$   1186    566     394751  20961
age$    1223    589     393668  21550
est$    835     425     392714  21975
isms$   1233    659     390892  22634
ism$    3794    2207    387062  24841
ling$   2225    1321    385121  26162
ings$   2126    1266    381965  27428
ish$    2094    1293    380216  28721
ised$   933     588     379089  29309
s$      75462   47661   276991  76970
^poly   697     443     276256  77413
^re     9537    6100    267698  83513
ising$  808     520     266658  84033
ing$    13201   9381    253902  93414
ise$    2351    1673    251729  95087
^im     1514    1137    250585  96224
^trans  659     536     249996  96760
ier$    1694    1386    247796  98146
able$   3124    2653    245391  100799
^en     2211    1911    243334  102710
led$    1302    1123    241783  103833
ie$     2321    2007    239807  105840
ability 765     674     239129
ler$    1523    1358    237966  107872
^in     4553    4125    234186  111997
ity$    2137    1923    232226  113920
ed$     12338   11523   219095  125443
^para   588     570     218454  126013
^har    567     555     218023  126568
^tri    1190    1190    216745  127758
ch$     2056    2099    215388  129857
al$     10533   11132   206125  140989
^ad     1134    1190    205220  142179
ng$     883     928     204543  143107
sh$     823     883     203970  143990
^de     4592    5008    200190  148998
der$    1481    1616    199164  150614
u$      1764    1910    197761  152524
^com    1171    1317    197065  153841
^mar    947     1121    196241  154962
^be     2595    3179    193677  158141
ge$     812     1003    193074  159144
ey$     1239    1545    191894  160689
p$      2899    3666    190073  164355
^par    714     917     189529  165272
^ab     769     994     188795  166266
^at     640     837     188223  167103
^con    2277    2987    186642  170090
ant$    1287    1652    185747  171742
ative$  701     934     185245  172676
w$      1835    2451    184232  175127
^for    1003    1344    183374  176471
^man    627     852     182766  177323
^em     685     983     182137  178306
^bar    601     865     181552  179171
^du     818     1196    180816  180367
ive$    1032    1509    180239  181876
ve$     782     639     179826  182515
^col    644     906     179224  183421
^ex     1210    1763    178084  185184
^pan    483     643     177546  185827
^jo     542     813     177081  186640
^as     969     1474    176039  188114
ee$     1250    1895    174858  190009
^car    965     1474    173830  191483
ta$     1379    2118    172141  193601
o$      5329    8259    167130  201860
^vo     457     674     166768  202534
^sta    753     1160    166153  203694
ent$    1154    1791    165368  205485
^pro    1618    2539    163612  208024
^pen    442     704     163147  208728
^ju     462     738     162774  209466
et$     1936    3131    161004  212597
el$     1706    2764    159643  215361
^ri     755     1231    159033  216592
^gi     536     867     158530  217459
^so     1448    2373    157313  219832
^lu     630     977     156711  220809
^bi     1119    1861    155426  222670
^sw     445     745     155012  223415
en$     2820    4745    152085  228160
^sha    478     791     151655  228951
^ro     1228    2053    150509  231004
^lo     1098    1876    149510  232880
^fo     586     1017    148979  233897
^tra    595     1034    148533  234931
i$      4336    7579    143935  242510
^ti     848     1353    143207  243863
^go     815     1392    142364  245255
^no     766     1370    141588  246625
^sl     547     984     141094  247609
ian$    2027    3645    138563  251254
an$     2643    4609    135859  255863
^u      1231    2006    134657  257869
^gu     624     1108    134072  258977
^fi     1057    1905    133189  260882
^li     1481    2658    131887  263540
^fu     518     944     131390  264484
^ru     480     879     130901  265363
^cu     733     1363    130196  266726
er$     8663    16476   121785  283202
^wi     729     1210    121161  284412
^tu     678     1158    120531  285570
^si     1319    2273    119475  287843
^bu     1059    1841    118570  289684
^r      2832    4691    116846  294375
^str    672     1247    116349  295622
^di     1456    2834    114684  298456
ad$     801     1560    113945  300016
ar$     1786    3648    112308  303664
^ni     507     1020    111784  304684
^bo     1195    2503    110621  307187
^l      3957    8233    107414  315420
ll$     1259    2479    106355  317899
^gra    510     1100    105894  318999
h$      2443    5453    103397  324452
^wh     365     764     102967  325216
^y      769     1671    102328  326887
^cl     813     1808    101520  328695
^er     390     751     101098  329446
^i      1803    4148    99099   333594
in$     2202    5264    96287   338858
^an     1265    3062    94463   341920
ary$    332     797     93835   342717
or$     1286    3131    92720   345848