's$     139586  498     490320  498
less$   2849    53      488431  551
^non    8338    294     480280  845
^counter        1012    38      479384  883
ship$   1441    58      478258  941
^under  1714    77      476645  1018
^out    2281    135     474362  1153
like$   1512    91      472790  1244
^over   4704    303     468035  1547
^semi   1538    124     466477  1671
ful$    1075    113     465448  1784
^fore   891     99      464623  1883
^super  2186    245     462485  2128
^pseudo 809     97      461637  2225
^un     17837   2469    442087  4694
^photo  745     112     441376  4806
^up     1020    168     440329  4974
ments$  822     137     439433  5111
ment$   2268    478     437762  5589
^anti   2125    472     435553  6061
^mis    2172    497     433270  6558
men$    1407    349     432219  6907
man$    2681    675     430235  7582
^post   789     204     429369  7786
^micro  1040    282     428340  8068
ville$  1985    539     427072  8607
^sub    2923    898     423978  9505
^inter  1988    646     421802  10151
ness$   9668    3255    415153  13406
^hyper  873     294     414181  13700
^pre    4838    1663    408788  15363
ly$     12637   4455    397187  19818
nesses$ 2990    1233    393261  21051
^dis    3433    1542    389889  22593
age$    1253    592     388819  23185
^auto   611     290     388092  23475
iest$   1187    566     386396  24041
est$    853     421     385453  24462
ton$    1307    656     384436  25118
isation$        861     455     383661  255
isms$   1229    654     381867  26227
^hydro  528     292     381229  26519
ism$    3776    2202    377464  28721
^iso    548     314     376788  29035
ling$   2255    1318    374861  30353
ings$   2136    1259    371732  31612
ish$    2112    1326    369991  32938
s$      74988   47372   270014  80310
^re     9659    6063    261498  86373
ised$   936     560     260434  86933
ged$    582     349     259887  87282
^poly   697     447     259159  87729
ising$  803     521     258131  88250
ing$    13290   9334    245590  97584
ise$    2349    1685    243447  99269
^mono   526     376     242883  99645
b$      1369    992     242035  100637
^im     1524    1158    240905  101795
^trans  670     543     240321  102338
istic$  551     449     239679  102787
^for    772     638     239094  103425
ier$    1657    1424    236901  104849
able$   3061    2672    234541  107521
^en     2236    1941    232522  109462
^mor    544     484     232111  109946
ery$    767     692     231158  110638
^in     4653    4295    227295  114933
ability$        765     597     226722  115
ance$   829     709     226265  116239
ity$    2094    1916    224367  118155
^peri   456     420     223796  118575
ie$     2248    2094    221835  120669
ed$     12924   12339   207999  133008
^har    573     537     207585  133545
ch$     2185    2137    206254  135682
ceae$   749     736     205463  136418
^tri    1193    1161    204221  137579
^cas    452     452     203868  138031
ger$    1092    1093    203018  139124
ler$    1443    1466    201884  140590
^epi    498     507     201265  141097
^para   571     588     200638  141685
der$    1562    1624    199614  143309
at$     1629    1725    198724  145034
^sm     408     437     198434  145471
sh$     834     896     197872  146367
^ad     1147    1241    196944  147608
ng$     803     901     196272  148509
u$      1779    1974    194875  150483
^ab     814     932     194119  151415
al$     10136   11685   185677  163100
^de     4436    4951    182116  168051
^ser    515     556     181735  168607
^mar    967     1089    180947  169696
^per    850     966     180302  170662
ner$    1056    1220    179454  171882
^par    750     861     178924  172743
il$     1368    1583    178085  174326
en$     2911    3430    175817  177756
^sho    399     468     175551  178224
^mal    434     511     175134  178735
^at     650     762     174583  179497
^ver    495     587     174208  180084
p$      3157    3872    172418  183956
^bal    367     458     172055  184414
^be     2437    3074    169725  187488
ge$     821     1050    169156  188538
am$     1187    1531    168342  190069
^man    642     835     167752  190904
ea$     904     1180    166861  192084
^sto    433     577     166505  192661
w$      1971    2627    165536  195288
^mer    365     511     165243  195799
^sol    386     541     164993  196340
^sl     623     877     164538  197217
^du     793     1120    163863  198337
^col    647     917     163294  199254
^spi    357     508     162960  199762
^ju     513     732     162565  200494
^car    1000    1427    161594  201921
^mon    451     654     161226  202575
^jo     522     764     160800  203339
^ob     418     617     160444  203956
^bar    572     843     159905  204799
^pri    334     494     159642  205293
ll$     1717    2631    158273  207924
^pan    398     608     157775  208532