's$     139586  498     490320  498
less$   2849    53      488431  551
^non    8338    294     480280  845
^counter        1012    38      479384
ship$   1441    58      478258  941
^under  1714    77      476645  1018
^out    2281    135     474362  1153
like$   1512    91      472790  1244
^over   4704    303     468035  1547
^semi   1538    124     466477  1671
ful$    1075    113     465448  1784
^super  2186    245     463310  2029
^un     17862   2444    443760  4473
^up     1020    168     442713  4641
ment$   2267    480     441032  5121
^anti   2129    468     438822  5589
^mis    2170    498     436524  6087
^micro  1051    257     435491  6344
men$    1408    349     434435  6693
man$    2683    674     432445  7367
ville$  1989    537     431175  7904
^sub    2932    892     428073  8796
^inter  1979    648     425888  9444
ness$   9681    3256    419224  12700
^hyper  873     294     418250  12994
^pre    4833    1664    412831  14658
ly$     12622   4493    401064  19151
nesses$ 2995    1233    397129  20384
^dis    3402    1558    393690  21942
age$    1245    582     392615  22524
iest$   1186    566     390919  23090
est$    851     426     389968  23516
ton$    1313    659     388942  24175
isms$   1227    664     387123  24839
ling$   2247    1321    385185  26160
ings$   2133    1267    382034  27427
ism$    3760    2239    378208  29666
ish$    2092    1307    376460  30973
s$      75621   48036   274559  79009
^re     9614    6014    265997  85023
ised$   938     564     264923  85587
^poly   695     441     264192  86028
ising$  808     522     263156  86550
ing$    13269   9397    250466  95947
ise$    2342    1686    248301  97633
^im     1516    1141    247158  98774
^trans  660     538     246571  99312
ier$    1692    1390    244371  100702
able$   3119    2663    241968  103365
ery$    791     676     241003  104041
^en     2213    1909    238959  105950
led$    1303    1122    237413  107072
ie$     2326    2013    235437  109085
ability$        761     678     234759
^in     4581    4134    230984  113897
ity$    2134    1927    229029  115824
ler$    1507    1389    227874  117213
ed$     12321   11539   214801  128752
^har    577     530     214384  129282
^para   589     569     213745  129851
^tri    1199    1167    212484  131018
ch$     2155    2110    211137  133128
it$     1430    1371    210333  134499
at$     1672    1662    209424  136161
^epi    499     510     208800  136671
ng$     892     926     208123  137597
sh$     855     904     207553  138501
^ad     1149    1234    206611  139735
al$     10404   11215   197518  150950
^ver    523     554     197117  151504
^de     4595    4903    193429  156407
der$    1499    1619    192408  158026
u$      1853    2022    191007  160048
^com    1166    1301    190331  161349
^mar    955     1091    189528  162440
^ser    503     576     189137  163016
il$     1289    1477    188269  164493
ner$    1044    1214    187420  165707
^par    751     882     186880  166589
^be     2585    3063    184440  169652
en$     2856    3398    182165  173050
^at     641     773     181602  173823
p$      3194    3930    179804  177753
^man    642     831     179204  178584
^ab     759     983     178487  179567
ge$     801     1048    177905  180615
w$      2006    2648    176897  183263
^pan    462     617     176379  183880
ea$     883     1175    175456  185055
^bar    596     818     174903  185873
^du     797     1115    174211  186988
ey$     1155    1633    173061  188621
^jo     553     729     172626  189350
^for    876     1268    171841  190618
ot$     1059    1538    170979  192156
^col    628     916     170397  193072
^sha    528     773     169963  193845
^car    964     1423    168981  195268
^ur     399     613     168496  195881
o$      5678    8748    163454  204629
^pro    1693    2632    161646  207261
ant$    1133    1771    160776  209032
^ex     1210    1889    159599  210921
^sta    736     1151    159031  212072
^ju     466     737     158647  212809
^em     627     1007    158064  213816
ative$  596     948     157612  214764
^lu     580     921     157022  215685
^pen    430     686     156578  216371
ive$    919     1462    156043  217833
^con    1905    2901    154705  220734
ent$    1109    1712    153969  222446
ee$     1182    1927    152822  224373
^lo     1115    1817    151844  226190
ll$     1702    2773    150469  228963
^ru     522     888     149957  229851
i$      4769    8174    145184  238025
^ri     737     1042    144627  239067
^gi     488     762     144170  239829
^bi     1031    1710    142970  241539
^bo     1425    2429    141642  243968
^as     825     1394    140734  245362
^vo     411     710     140388  246072
^u      733     1278    139589  247350
^ti     761     1333    138892  248683
^gu     627     1115    138301  249798
el$     1568    2812    137041  252610
^tu     665     1249    136340  253859
^tra    550     1047    135928  254906
^gra    592     1143    135427  256049
^so     1248    2418    134313  258467
^li     1425    2683    133010  261150
^sw     372     725     132656  261875
^fu     461     902     132170  262777
^si     1279    2509    131011  265286
^wa     1008    1976    130057  267262
^str    696     1368    129485  268630