's$     139586  498     490320  498
less$   2849    53      488431  551
^non    8338    294     480280  845
^counter        1012    38      479384
ship$   1441    58      478258  941
^under  1714    77      476645  1018
^out    2281    135     474362  1153
like$   1512    91      472790  1244
^over   4704    303     468035  1547
^semi   1538    124     466477  1671
ful$    1075    113     465448  1784
^fore   891     99      464623  1883
^super  2186    245     462485  2128
^pseudo 809     97      461637  2225
^un     17837   2469    442087  4694
^photo  745     112     441376  4806
^up     1020    168     440329  4974
ments$  822     137     439433  5111
^multi  640     116     438779  5227
ment$   2271    475     437110  5702
^anti   2125    472     434901  6174
^mis    2172    497     432618  6671
men$    1407    349     431567  7020
man$    2681    675     429583  7695
^post   786     207     428717  7902
^micro  1041    282     427688  8184
ville$  1985    539     426420  8723
^sub    2919    902     423326  9625
^inter  1988    646     421150  10271
ness$   9663    3255    414507  13526
^hyper  873     294     413535  13820
^pre    4836    1668    408142  15488
ly$     12634   4449    396556  19937
nesses$ 2988    1233    392632  21170
^dis    3433    1547    389260  22717
age$    1255    590     388193  23307
^auto   611     290     387466  23597
iest$   1187    566     385770  24163
est$    853     421     384827  24584
ton$    1308    654     383814  25238
isation$        861     455     383039
isms$   1226    654     381251  26347
ping$   616     337     380689  26684
^hydro  528     292     380051  26976
ped$    521     295     379487  27271
ism$    3770    2200    375732  29471
^iso    548     314     375056  29785
ling$   2254    1319    373131  31104
ings$   2135    1257    370009  32361
ish$    2112    1326    368268  33687
s$      74994   47362   268403  81049
^re     9635    6065    259932  87114
ging$   605     348     259405  87462
ged$    583     347     258860  87809
ised$   935     561     257796  88370
^poly   692     447     257071  88817
ising$  803     521     256043  89338
ing$    12438   8273    244581  97611
^bur    486     336     244263  97947
ise$    2343    1685    242123  99632
^mono   526     376     241559  100008
b$      1361    1000    240712  101008
^im     1512    1170    239583  102178
istic$  553     448     238940  102626
^trans  668     541     238362  103167
^for    783     641     237777  103808
ier$    1661    1416    235589  105224
line$   687     593     234931  105817
^mor    550     480     234520  106297
^en     2242    1955    232486  108252
able$   3039    2651    230161  110903
ery$    767     692     229208  111595
^pin    370     340     228882  111935
^tar    366     338     228544  112273
^in     4640    4296    224696  116569
ability$        765     595     224125
ance$   824     712     223670  117876
ity$    2095    1905    221789  119781
ie$     2254    2092    219837  121873
^peri   450     421     219270  122294
ed$     12479   11880   206118  134174
^cou    371     350     205892  134524
ster$   969     918     205213  135442
ip$     422     281     205050  135723
^ban    395     352     204774  136075
^har    562     533     204367  136608
ch$     2182    2160    203049  138768
ceae$   739     736     202263  139504
^tri    1168    1158    201029  140662
ger$    1085    1099    200185  141761
ler$    1431    1458    199063  143219
^epi    495     503     198451  143722
^cas    447     454     198099  144176
der$    1562    1623    197078  145799
at$     1636    1715    196195  147514
sh$     835     885     195642  148399
^para   555     595     195024  148994
u$      1806    1947    193639  150941
^por    371     400     193373  151341
^sm     403     435     193088  151776
^ad     1135    1232    192169  153008
^ab     815     932     191413  153940
en$     2997    3437    189105  157377
^sho    419     456     188836  157833
^ver    529     612     188428  158445
il$     1379    1577    187584  160022
al$     10114   11653   179252  171675
^mat    365     356     178997  172031
^de     4358    4902    175491  176933
^mar    964     1085    174723  178018
^ser    503     575     174347  178593
^at     656     768     173797  179361
^sco    343     412     173520  179773
^lin    319     385     173278  180158
^par    729     888     172753  181046
^bar    654     803     172189  181849
ur$     1154    1414    171559  183263
^per    808     1000    170928  184263
^mal    422     520     170510  184783
^be     2479    3092    168173  187875
^bal    368     460     167815  188335
it$     1264    1584    167112  189919
lle$    338     435     166759  190354
^man    661     858     166171  191212
p$      2624    3434    164604  194646
am$     1215    1505    163812  196151
ner$    904     1218    163008  197369
w$      2012    2687    162062  200056
^sol    392     531     161809  200587
^ob     441     609     161453  201196
ea$     868     1222    160579  202418
^pri    345     491     160320  202909
^con    2104    3056    158854  205965
^du     791     1149    158188  207114
ey$     1127    1628    157095  208742
^jo     540     737     156687  209479
ll$     1864    2654    155310  212133
^com    976     1427    154680  213560
^pan    428     610     154184  214170
^car    967     1428    153240  215598
lla$    571     840     152608  216438
^sto    383     567     152271  217005
ng$     653     971     151659  217976
^mer    358     539     151377  218515
^ur     414     627     150907  219142
^sl     599     915     150470  220057
ean$    522     810     149852  220867
^af     333     516     149526  221383
x$      993     1527    148547  222910
o$      5864    9106    143796  232016
^lo     1178    1798    142862  233814
^u      852     1313    142049  235127
ent$    1122    1779    141324  236906
^sal    335     530     140991  237436
^can    451     714     140589  238150
^pen    389     628     140163  238778