's$     139586  498     490320  498
less$   2849    53      488431  551
^non    8338    294     480280  845
^counter        1012    38      479384
ship$   1441    58      478258  941
^under  1714    77      476645  1018
^out    2281    135     474362  1153
like$   1512    91      472790  1244
^over   4704    303     468035  1547
^back   547     38      467576  1585
^semi   1538    124     466018  1709
ful$    1075    113     464989  1822
^super  2186    245     462851  2067
^fore   890     100     462026  2167
^pseudo 809     97      461178  2264
^un     17835   2471    441628  4735
^photo  745     112     440917  4847
ments$  823     137     440020  4984
^up     1022    169     438974  5153
^multi  640     116     438320  5269
ment$   2271    475     436651  5744
^bio    529     113     436176  5857
^mis    2168    494     433893  6351
^anti   2107    490     431684  6841
men$    1405    349     430636  7190
man$    2681    675     428656  7865
^post   786     207     427790  8072
ville$  1985    539     426522  8611
let$    712     205     425890  8816
^micro  1029    297     424861  9113
^electro        480     142     424373
^sub    2915    905     421281  10160
^inter  1983    651     419105  10811
ness$   9661    3255    412467  14066
^hyper  873     294     411495  14360
^pre    4832    1673    406102  16033
ly$     12628   4434    394568  20467
^sea    465     183     394194  20650
nesses$ 2982    1232    390280  21882
^dis    3429    1553    386908  23435
ages$   410     188     386369  23623
age$    1255    591     385305  24214
iest$   1188    565     383611  24779
est$    857     419     382671  25198
son$    847     428     382073  25626
lings$  406     207     381498  25833
ings$   1905    864     378975  26697
ton$    1296    672     377962  27369
^auto   594     303     377240  27672
isms$   1224    655     375456  28327
^tele   422     225     374981  28552
ping$   622     331     374428  28883
isation$        856     460     373654
ped$    524     292     373099  29635
ip$     371     188     372929  29823
isations$       326     186     372434
^hydro  521     299     371799  30308
ism$    3762    2200    368060  32508
^iso    545     316     367386  32824
ette$   560     331     366857  33155
ling$   2246    1329    364939  34484
ish$    2113    1327    363200  35811
s$      74342   46878   265038  82689
ul$     325     183     264847  82872
^war    429     258     264587  83130
^sur    421     266     264290  83396
ised$   926     584     263179  83980
^re     9595    6150    254786  90130
ging$   598     354     254264  90484
ged$    582     349     253722  90833
ising$  809     510     252697  91343
^geo    327     209     252435  91552
^poly   694     449     251711  92001
ing$    12389   8267    240411  100268
^bes    342     232     240076  100500
ow$     1096    756     239567  101256
^bur    483     339     239258  101595
ise$    2335    1669    237138  103264
^mono   522     380     236574  103644
b$      1459    1066    235735  104710
^lea    355     269     235540  104979
dy$     602     467     235022  105446
^im     1503    1173    233897  106619
^meta   382     301     233498  106920
^far    286     227     233295  107147
istic$  551     445     232659  107592
^trans  670     543     232082  108135
^lat    361     279     231834  108414
ier$    1643    1436    229666  109850
^wor    331     288     229493  110138
^en     2246    1967    227476  112105
ined$   288     234     227218  112339
^for    777     684     226648  113023
^hypo   330     292     226222  113315
^boo    285     260     226030  113575
line$   665     612     225388  114187
^tan    306     284     225138  114471
^nor    270     251     224923  114722
able$   2913    2717    222641  117439
^char   362     309     222419  117748
^gar    337     310     222156  118058
^wil    273     252     221957  118310
^mor    545     506     221553  118816
ri$     723     673     220966  119489
ie$     2245    2100    219051  121589
^bea    331     306     218838  121895
^peri   448     429     218267  122324
ery$    730     699     217338  123023
ability$        711     684     216687
ity$    2081    1985    214659  125692
^tar    360     355     214337  126047
ceae$   737     728     213557  126775
^pin    354     346     213245  127121
^tri    1197    1183    211958  128304
^ban    384     380     211659  128684
^il     310     307     211389  128991
^cas    455     453     211034  129444
^sla    259     259     210866  129703
^wr     314     315     210657  130018
^ea     371     349     210446  130367
led$    1196    1185    209006  131552
^tru    253     248     208834  131800
^clo    355     357     208602  132157
ance$   764     769     208131  132926
^cou    375     375     207900  133301
ed$     10545   10670   196701  143971
^har    528     520     196307  144491
per$    852     855     195802  145346
^ye     253     255     195594  145601
^ten    379     382     195335  145983
ster$   890     903     194705  146886
ock$    745     757     194214  147643
ch$     2095    2218    192946  149861
^cle    263     278     192773  150139
^para   555     596     192153  150735
^dra    318     343     191940  151078
^epi    481     519     191329  151597
^ad     1142    1248    190404  152845
ger$    1033    1132    189588  153977
ist$    3832    4209    186337  158186
^pas    322     337     186116  158523
^in     3782    4168    183091  162691
u$      1739    1908    181742  164599
^de     4659    5200    178094  169799
^por    384     417     177834  170216
at$     1522    1679    177010  171895
^tal    252     289     176820  172184
ea$     890     1039    175920  173223
eal$    331     390     175596  173613
ize$    402     474     174967  174087
^ser    506     596     174591  174683
il$     1245    1471    173787  176154
ur$     1133    1347    173166  177501
^tor    275     330     172947  177831
^syn    315     379     172601  178210
^sol    409     497     172341  178707
al$     9428    11557   164863  190264
^sen    291     290     164700  190554
^mat    315     334     164462  190888
^mar    977     1092    163717  191980
^mal    429     488     163309  192468
^bal    379     447     162959  192915
ut$     765     927     162476  193842
^cri    258     314     162286  194156
^pol    316     385     162072  194541
^sin    230     283     161899  194824
^per    735     907     161287  195731
^com    1081    1358    160651  197089
^cur    290     365     160452  197454
der$    1299    1637    159536  199091
en$     2733    3425    157376  202516
^bat    243     295     157159  202811
^mus    239     299     156929  203110
ick$    626     789     156505  203899
^man    679     857     155943  204756
lle$    335     427     155599  205183
^par    709     907     155106  206090
it$     1273    1625    154418  207715
ell$    617     788     153910  208503
ction$  622     797     153690  209300
ot$     1130    1451    152882  210751
^hal    302     389     152600  211140
am$     1141    1470    151833  212610
^ven    268     347     151632  212957
ct$     830     1076    151366  214033
^gen    303     396     151164  214429
^hea    294     387     150968  214816
^bar    594     785     150462  215601
^fre    279     369     150265  215970
^is     237     314     150018  216284
w$      1104    1486    149535  217770
^car    1035    1390    148613  219160
^lan    337     453     148329  219613
^av     268     362     148102  219975
^sil    224     303     147900  220278
^win    302     410     147681  220688
^at     595     821     147159  221509
^on     303     395     146936  221904
^lin    294     405     146720  222309
lin$    448     602     146275  222911
^shi    292     405     146031  223316
^ju     485     673     145670  223989
^bas    255     356     145421  224345
^fu     634     889     144899  225234
ni$     484     681     144422  225915
^ke     742     1048    143780  226963
ke$     611     856     143249  227819
^bi     968     1384    142238  229203
ol$     807     1161    141533  230364
ng$     642     908     140961  231272
^sm     343     494     140694  231766
^ri     782     1124    140084  232890
^gi     594     849     139570  233739
^cra    282     409     139302  234148
^sal    373     543     138949  234691
^hol    215     316     138722  235007
ast$    445     655     138385  235662
o$      5767    8505    133897  244167
^sho    281     398     133664  244565
^af     304     443     133354  245008
^du     677     988     132745  245996
^jo     460     681     132380  246677
^sta    750     1126    131852  247803
^sco    255     389     131604  248192
^ob     365     562     131286  248754
^sha    493     764     130889  249518
^lu     614     952     130346  250470
^et     345     535     130084  251005
et$     1383    2105    129059  253110
ack$    568     858     128680  253968
^es     367     559     128304  254527
^ti     1002    1542    127610  256069
ee$     1102    1735    126565  257804
^gu     678     1076    125992  258880
^con    1855    2962    124715  261842
^ver    535     828     124390  262670
ay$     857     1369    123810  264039
^ro     1137    1796    122849  265835
^ai     210     334     122672  266169
^sca    306     499     122367  266668
^hu     488     797     121931  267465
^pan    350     576     121503  268041
^pri    269     449     121275  268490
^min    337     562     121034  269052
^ya     273     455     120783  269507
^fla    300     505     120541  270012
^ru     519     881     120055  270893
^cam    223     379     119797  271272
lla$    456     792     119261  272064