's$     139586  498     490320  498
less$   2849    53      488431  551
ships$  434     10      487987  561
wise$   405     12      487574  573
^non    8338    294     479425  867
^counter        1011    38      478531  905
dom$    551     22      478083  927
ship$   1439    60      476957  987
^under  1715    76      475347  1063
wood$   708     41      474879  1104
^out    2281    135     472598  1239
like$   1511    94      471026  1333
^ultra  426     27      470632  1360
^over   4701    305     465883  1665
^back   545     40      465425  1705
^semi   1538    124     463868  1829
ful$    1075    113     462841  1942
^super  2187    244     460711  2186
^fore   889     100     459889  2286
^pseudo 808     97      459042  2383
^un     17829   2473    439505  4856
land$   710     104     439040  4960
^photo  746     112     438329  5072
ments$  823     137     437432  5209
^up     1020    169     436391  5378
^multi  640     116     435737  5494
^wood   343     65      435460  5559
ment$   2273    473     433793  6032
^bio    529     113     433318  6145
sville$ 757     165     432856  6310
ville$  1408    190     432052  6500
^mis    2167    492     429774  6992
^anti   2106    490     427566  7482
man$    2725    694     425590  8176
men$    1394    358     424545  8534
^post   783     210     423682  8744
^sun    343     96      423390  8840
^electro        470     137     422902  8977
let$    712     210     422273  9187
^sub    2924    896     419189  10083
^micro  1036    324     418160  10407
^inter  1986    647     415990  11054
^neuro  338     111     415631  11165
ness$   9635    3267    409009  14432
^hyper  872     295     408037  14727
^pre    4839    1669    402658  16396
ly$     12632   4439    391147  20835
^sea    465     183     390774  21018
^proto  355     140     390379  21158
nesses$ 2972    1236    386472  22394
^dis    3425    1559    383108  23953
ages$   409     189     382570  24142
age$    1262    596     381507  24738
iest$   1187    566     379816  25304
est$    864     419     378878  25723
ton$    1313    665     377868  26388
lings$  407     208     377293  26596
ings$   1909    860     374780  27456
^auto   593     304     374058  27760
ified$  291     150     373800  27910
son$    851     439     373203  28349
^neo    279     145     372893  28494
isms$   1225    648     371134  29142
^mc     324     170     370878  29312
^tele   421     226     370403  29538
ping$   623     330     369852  29868
ip$     325     174     369685  30042
isation$        853     461     368915  30503
ise$    1583    887     367070  31390
^ran    304     174     366812  31564
^hydro  522     299     366179  31863
ism$    3777    2162    362502  34025
^dar    290     167     362247  34192
isations$       323     187     361754  34379
^iso    545     315     361083  34694
ification$      348     204     360778  34898
^bed    303     179     360429  35077
ling$   2241    1329    358529  36406
ul$     277     137     358339  36543
ify$    314     191     357932  36734
ette$   552     339     357403  37073
ured$   270     170     357178  37243
ised$   920     589     356071  37832
ish$    2098    1348    354345  39180
ched$   283     184     354059  39364
ier$    1678    1098    351846  40462
ain$    521     341     351524  40803
^endo   331     220     351125  41023
ging$   576     384     350549  41407
ged$    563     376     349954  41783
^zoo    273     183     349613  41966
s$      71693   48591   252814  90557
^re     9334    5987    244798  96544
ising$  795     523     243778  97067
^geo    322     210     243521  97277
^poly   690     453     242803  97730
^bon    278     191     242610  97921
^dor    255     178     242394  98099
dy$     589     412     241880  98511
^en     2287    1600    239945  100111
b$      1434    1003    239116  101114
^mono   520     382     238548  101496
tting$  291     215     238277  101711
ing$    11553   8553    227488  110264
^bes    341     217     227168  110481
v$      674     454     226763  110935
^bur    500     344     226465  111279
^lea    376     262     226284  111541
ow$     1101    807     225792  112348
^war    419     309     225564  112657
ver$    791     596     225191  113253
^meta   381     304     224794  113557
^trans  668     535     224221  114092
^wor    355     285     224048  114377
istic$  553     445     223423  114822