's$     139586  498     490320  498
less$   2849    53      488431  551
^non    8338    294     480280  845
^counter        1012    38      479384  883
ship$   1441    58      478258  941
^under  1714    77      476645  1018
^out    2281    135     474362  1153
like$   1512    91      472790  1244
^over   4704    303     468035  1547
^semi   1538    124     466477  1671
ful$    1075    113     465448  1784
^fore   891     99      464623  1883
^super  2186    245     462485  2128
^pseudo 809     97      461637  2225
^un     17837   2469    442087  4694
^photo  745     112     441376  4806
^up     1020    168     440329  4974
ments$  822     137     439433  5111
^multi  640     116     438779  5227
ment$   2271    475     437110  5702
^bio    529     113     436635  5815
^mis    2168    494     434352  6309
^anti   2108    489     432143  6798
men$    1407    349     431092  7147
man$    2681    675     429108  7822
^post   786     207     428242  8029
ville$  1985    539     426974  8568
let$    713     204     426341  8772
^micro  1029    297     425312  9069
^sub    2916    904     422220  9973
^inter  1988    646     420044  10619
ness$   9663    3255    413401  13874
^hyper  873     294     412429  14168
^pre    4833    1672    407036  15840
ly$     12631   4444    395469  20284
nesses$ 2988    1233    391545  21517
^dis    3433    1547    388173  23064
age$    1253    593     387106  23657
iest$   1188    566     385410  24223
son$    857     416     384811  24639
lings$  412     201     384234  24840
ings$   1911    862     381690  25702
est$    865     422     380746  26124
^auto   595     304     380021  26428
ton$    1298    667     379009  27095
isms$   1224    655     377223  27750
^tele   421     225     376746  27975
ping$   620     333     376187  28308
isation$        855     461     375412  28769
ped$    523     293     374851  29062
^hydro  520     300     374215  29362
ling$   2256    1312    372292  30674
ism$    3752    2212    368546  32886
^iso    546     316     367870  33202
ish$    2110    1329    366129  34531
s$      74635   47690   266567  82221
^war    418     260     266306  82481
^re     9637    6090    257849  88571
ging$   606     347     257323  88918
ged$    583     347     256778  89265
ised$   933     561     255716  89826
^poly   695     447     254991  90273
ising$  800     522     253965  90795
ip$     412     274     253802  91069
ing$    12392   8309    242394  99378
^bur    484     335     242080  99713
b$      1423    1013    241234  100726
dy$     626     446     240710  101172
ise$    2321    1697    238577  102869
^mono   520     380     238015  103249
^meta   384     293     237616  103542
^im     1492    1169    236491  104711
ow$     1048    825     235973  105536
istic$  554     446     235335  105982
^trans  671     541     234758  106523
^en     2257    1931    232736  108454
^in     5059    4362    228595  112816
ability$        769     599     228026  11341
^sur    403     323     227774  113738
able$   3067    2474    225738  116212
^for    853     676     225184  116888
^char   366     307     224955  117195
ier$    1645    1417    222788  118612
^hypo   330     293     222361  118905
line$   666     601     221725  119506
^tar    371     335     221389  119841
ity$    2098    1909    219519  121750
^peri   458     418     218950  122168
^gar    334     307     218688  122475
^pin    368     339     218366  122814
lled$   317     293     218002  123107
^mor    540     499     217606  123606
^il     322     299     217333  123905
ri$     722     672     216753  124577
ie$     2248    2108    214809  126685
ery$    745     701     213867  127386
^bea    325     302     213657  127688